0.1   0    0
0.2078   0    0
0.3156   0    0
0.4234   0.00127315    6.17982e-05
0.5312   0.00611658    0.00226212
0.6391   0.0152214    0.00796673
0.7469   0.0185187    0.0164259
0.8547   0.0205088    0.0243405
0.9625   0.0206375    0.0319161
1.07   0.0205861    0.0388414
1.178   0.019775    0.0454577
1.286   0.0185886    0.0517692
1.394   0.0198104    0.0567618
1.502   0.0189255    0.0626187
1.609   0.0178676    0.0685809
1.717   0.0173443    0.0741096
1.825   0.0166005    0.0793808
1.933   0.0158701    0.084901
2.041   0.0150018    0.0900331
2.148   0.0144823    0.0950887
2.256   0.0137135    0.100217
2.364   0.0133344    0.10497
2.472   0.0129421    0.109916
2.58   0.0127503    0.114689
2.688   0.0117636    0.122079
2.795   0.0112046    0.127088
2.903   0.0106995    0.131894
3.011   0.010203    0.136573
3.119   0.00984612    0.141136
3.227   0.009342    0.145703
3.334   0.00885234    0.150078
3.442   0.00849567    0.154401
3.55   0.00803039    0.158666
3.658   0.00746594    0.162829
3.766   0.00693149    0.166797
3.873   0.00641994    0.170756
3.981   0.005898    0.170869
4.089   0.00520461    0.174572
4.197   0.00474347    0.178
4.305   0.0041675    0.181508
4.412   0.00377449    0.184804
4.52   0.00347213    0.187981
4.628   0.00326842    0.191031
4.736   0.00312861    0.193988
4.844   0.00299309    0.196911
4.952   0.00286336    0.199801
5.059   0.00273862    0.202656
5.167   0.00261869    0.205477
5.275   0.00226427    0.210829
5.383   0.0021534    0.213567
5.491   0.0020479    0.216273
5.598   0.00194769    0.218946
5.706   0.00185405    0.221587
5.814   0.00176624    0.224201
5.922   0.00168459    0.226787
6.03   0.00160732    0.229344
6.138   0.00153474    0.231873
6.245   0.00146728    0.234374
6.353   0.00140511    0.236848
6.461   0.00134615    0.239294
6.569   0.00133073    0.239729
6.677   0.00127296    0.242144
6.784   0.00121809    0.244535
6.892   0.0011662    0.246902
7   0.00111629    0.249247
