0.1   0    0
0.2078   0    0
0.3156   0    0
0.4234   0    0
0.5312   0.00118317    0.000185594
0.6391   0.0026699    0.00241201
0.7469   0.00535447    0.00701295
0.8547   0.00569088    0.0148176
0.9625   0.00467141    0.0235667
1.07   0.00400001    0.0313487
1.178   0.00337287    0.0388507
1.286   0.00224948    0.0458447
1.394   0.00152038    0.0513091
1.502   0.000712389    0.057618
1.609   0.000124223    0.0635456
1.717   0    0.0694447
1.825   0    0.0751867
1.933   0    0.0807565
2.041   0    0.0860898
2.148   0    0.0913003
2.256   0    0.0962774
2.364   0    0.101703
2.472   0    0.106322
2.58   0    0.111079
2.688   0    0.117744
2.795   0    0.122588
2.903   0    0.127152
3.011   0    0.13203
3.119   0    0.136806
3.227   0    0.141537
3.334   0    0.146125
3.442   0    0.150603
3.55   0    0.154982
3.658   0    0.159192
3.766   0    0.163421
3.873   0    0.167631
3.981   0    0.168305
4.089   0    0.17215
4.197   0    0.175917
4.305   0    0.179645
4.412   0    0.183294
4.52   0    0.186809
4.628   0    0.190386
4.736   0    0.193779
4.844   0    0.197107
4.952   0    0.200344
5.059   0    0.203602
5.167   0    0.209049
5.275   0    0.212038
5.383   0    0.212536
5.491   0    0.217613
5.598   0    0.220268
5.706   0    0.222884
5.814   0    0.225472
5.922   0    0.22803
6.03   0    0.230559
6.138   0    0.23306
6.245   0    0.233562
6.353   0    0.237982
6.461   0    0.238453
6.569   0    0.242799
6.677   0    0.243244
6.784   0    0.245604
6.892   0    0.249842
7   0    0.250256
