0.1   0    0
0.2078   0    0
0.3156   0    0
0.4234   0.0015163    0
0.5312   0.00918412    0
0.6391   0.0245404    0
0.7469   0.0365187    0.000244582
0.8547   0.0453788    0.00189314
0.9625   0.0499495    0.00510494
1.07   0.0518308    0.0100515
1.178   0.0504978    0.0169766
1.286   0.0495469    0.0233641
1.394   0.0497532    0.0292932
1.502   0.048331    0.0357923
1.609   0.046994    0.0420117
1.717   0.0457108    0.0480753
1.825   0.0453295    0.0531632
1.933   0.044332    0.0586563
2.041   0.04295    0.0644652
2.148   0.0417547    0.0700452
2.256   0.0407755    0.0753846
2.364   0.0398035    0.0806238
2.472   0.0388719    0.0860238
2.58   0.0381456    0.0911974
2.688   0.0373915    0.0982332
2.795   0.0365433    0.10332
2.903   0.0358353    0.108188
3.011   0.0350974    0.113098
3.119   0.0345435    0.11774
3.227   0.0334058    0.122745
3.334   0.0323677    0.127753
3.442   0.0315537    0.132286
3.55   0.0308073    0.136784
3.658   0.0298224    0.141276
3.766   0.028973    0.145536
3.873   0.0281001    0.146158
3.981   0.0268322    0.154154
4.089   0.0251991    0.155083
4.197   0.0239758    0.159255
4.305   0.0228673    0.163282
4.412   0.0219357    0.167103
4.52   0.020594    0.171305
4.628   0.0194929    0.175239
4.736   0.0183997    0.179136
4.844   0.0173392    0.182972
4.952   0.0166847    0.188742
5.059   0.01512    0.190656
5.167   0.0140377    0.194428
5.275   0.0129331    0.19819
5.383   0.0125138    0.203538
5.491   0.0115911    0.20705
5.598   0.0107813    0.21042
5.706   0.0097156    0.214021
5.814   0.00897328    0.217275
5.922   0.0080913    0.220647
6.03   0.00744477    0.221771
6.138   0.00645057    0.2272
6.245   0.00580773    0.230266
6.353   0.00515942    0.233314
6.461   0.0045416    0.23631
6.569   0.00400865    0.239201
6.677   0.00395092    0.239674
6.784   0.0034942    0.242459
6.892   0.00316805    0.245093
7   0.00272939    0.24782
