0.1   0    0
0.2078   0    0
0.3156   0    0
0.4234   0.00150102    0
0.5312   0.00710647    0.00205729
0.6391   0.0171254    0.00726368
0.7469   0.0209602    0.0154336
0.8547   0.0231537    0.0233905
0.9625   0.0232919    0.0309828
1.07   0.0230775    0.0379473
1.178   0.0222277    0.0445386
1.286   0.0212787    0.0507442
1.394   0.0225065    0.0557677
1.502   0.0214228    0.0616648
1.609   0.0205645    0.0673726
1.717   0.0196259    0.0732052
1.825   0.0187502    0.0786088
1.933   0.0181759    0.0838386
2.041   0.0170824    0.0892568
2.148   0.0165729    0.0942845
2.256   0.0156767    0.0994394
2.364   0.0150221    0.104346
2.472   0.0148587    0.109109
2.58   0.0145721    0.113952
2.688   0.0135063    0.12128
2.795   0.0130397    0.126181
2.903   0.0123278    0.131146
3.011   0.011728    0.135902
3.119   0.0113376    0.140411
3.227   0.0108021    0.144989
3.334   0.0102013    0.149489
3.442   0.00976152    0.153819
3.55   0.00937703    0.158017
3.658   0.00863282    0.162232
3.766   0.00787736    0.166371
3.873   0.00745828    0.166661
3.981   0.00674367    0.174166
4.089   0.00613702    0.174067
4.197   0.00552129    0.177627
4.305   0.00492873    0.181134
4.412   0.00444535    0.184501
4.52   0.00403783    0.187766
4.628   0.0037129    0.190922
4.736   0.0035285    0.193908
4.844   0.00337645    0.196835
4.952   0.00323004    0.199728
5.059   0.0028351    0.205196
5.167   0.00295488    0.205411
5.275   0.00282565    0.208199
5.383   0.00244584    0.213514
5.491   0.00232777    0.216222
5.598   0.00221497    0.218897
5.706   0.00210776    0.221541
5.814   0.00200621    0.224158
5.922   0.00191208    0.226745
6.03   0.0018237    0.229303
6.138   0.00174138    0.231834
6.245   0.00173051    0.232297
6.353   0.00159172    0.236812
6.461   0.00157965    0.237255
6.569   0.00146256    0.241683
6.677   0.00140318    0.244082
6.784   0.00138316    0.244504
6.892   0.00132418    0.246873
7   0.00126888    0.249219
