0.1   0    0
0.2078   0    0
0.3156   0    0
0.4234   0.00010753    0
0.5312   0.00223522    0
0.6391   0.00674908    0.000317064
0.7469   0.0124376    0.00291374
0.8547   0.0166155    0.00736694
0.9625   0.0165699    0.0147471
1.07   0.0166238    0.0219203
1.178   0.0158019    0.0289784
1.286   0.0149306    0.0359098
1.394   0.0134318    0.0421484
1.502   0.0134455    0.0476414
1.609   0.0129639    0.0535308
1.717   0.0122881    0.0594469
1.825   0.0114301    0.0654774
1.933   0.0111734    0.0708464
2.041   0.0105122    0.0763667
2.148   0.00982622    0.0817199
2.256   0.00910385    0.0875567
2.364   0.00874222    0.0924536
2.472   0.00820542    0.0976021
2.58   0.00799596    0.102468
2.688   0.00740943    0.109433
2.795   0.00688139    0.114587
2.903   0.00660194    0.119283
3.011   0.00641974    0.124088
3.119   0.00651765    0.128663
3.227   0.00627798    0.133401
3.334   0.00618368    0.137842
3.442   0.00605933    0.142537
3.55   0.00551441    0.147211
3.658   0.00522742    0.151726
3.766   0.00513238    0.15255
3.873   0.00431012    0.1607
3.981   0.00442167    0.164717
4.089   0.00419316    0.165321
4.197   0.00391898    0.169338
4.305   0.0033635    0.173564
4.412   0.00299961    0.177428
4.52   0.00279729    0.181164
4.628   0.00262994    0.184995
4.736   0.0025684    0.188462
4.844   0.00232685    0.19207
4.952   0.00238016    0.198191
5.059   0.00196935    0.199052
5.167   0.00176117    0.205157
5.275   0.00171638    0.205656
5.383   0.00119674    0.211779
5.491   0.00130144    0.212109
5.598   0.000904646    0.217946
5.706   0.000817585    0.220823
5.814   0.000678568    0.223735
5.922   0.000494834    0.226581
6.03   0.000365852    0.229325
6.138   0.000234543    0.229996
6.245   0.000142044    0.234599
6.353   7.91335e-05    0.235142
6.461   7.02432e-05    0.23958
6.569   6.1931e-05    0.242004
6.677   5.41898e-05    0.244404
6.784   4.81972e-05    0.244849
6.892   4.19627e-05    0.247213
7   3.60093e-05    0.249555
