0.1   0    0
0.2078   0    0
0.3156   0    0
0.4234   0.004145    0
0.5312   0.0195742    0.000185594
0.6391   0.0357487    0.00241201
0.7469   0.045447    0.00701295
0.8547   0.048426    0.0148176
0.9625   0.0481113    0.0235667
1.07   0.0467005    0.0313487
1.178   0.04444    0.0388507
1.286   0.0426456    0.0458447
1.394   0.0427908    0.0513091
1.502   0.0409166    0.057618
1.609   0.0393303    0.0635456
1.717   0.0374159    0.0694447
1.825   0.0357482    0.0751867
1.933   0.0340143    0.0807565
2.041   0.0326396    0.0860898
2.148   0.0312712    0.0913003
2.256   0.0300875    0.0962774
2.364   0.0287425    0.101703
2.472   0.0282639    0.106322
2.58   0.0268172    0.113028
2.688   0.0260486    0.115995
2.795   0.025249    0.122588
2.903   0.0245441    0.127152
3.011   0.0234607    0.13203
3.119   0.0223664    0.136806
3.227   0.0213451    0.141537
3.334   0.0203231    0.146125
3.442   0.0193884    0.150603
3.55   0.0183139    0.154982
3.658   0.0172748    0.15605
3.766   0.0162668    0.163421
3.873   0.0150985    0.167631
3.981   0.0139941    0.171635
4.089   0.0126883    0.17215
4.197   0.0116717    0.175917
4.305   0.0106663    0.179645
4.412   0.0097184    0.183294
4.52   0.00888335    0.186809
4.628   0.00796275    0.190386
4.736   0.00720311    0.193779
4.844   0.00619709    0.199757
4.952   0.00585156    0.200344
5.059   0.0051747    0.203602
5.167   0.00468436    0.206654
5.275   0.00421087    0.209668
5.383   0.00379625    0.214848
5.491   0.00350996    0.217613
5.598   0.00331327    0.220268
5.706   0.00313606    0.222884
5.814   0.00301515    0.22346
5.922   0.00281406    0.22803
6.03   0.00266719    0.230559
6.138   0.00252951    0.23306
6.245   0.00240001    0.235534
6.353   0.00227848    0.237982
6.461   0.0022042    0.238453
6.569   0.00205405    0.242799
6.677   0.00199524    0.243244
6.784   0.00185137    0.247519
6.892   0.00182404    0.252592
7   0.00172707    0.250256
