0.1   0    0
0.2078   0    0
0.3156   0    0
0.4234   0.00130098    0
0.5312   0.00684355    0
0.6391   0.0184991    0
0.7469   0.0286098    0.000503878
0.8547   0.0350216    0.00323771
0.9625   0.0384714    0.00749068
1.07   0.0387066    0.0140626
1.178   0.0378033    0.0208101
1.286   0.0363225    0.027701
1.394   0.0358047    0.0336642
1.502   0.0351147    0.0399171
1.609   0.0339644    0.046092
1.717   0.0336889    0.0512686
1.825   0.0330603    0.0568473
1.933   0.0318818    0.0626549
2.041   0.0309507    0.0684449
2.148   0.0300578    0.0737672
2.256   0.0291253    0.079197
2.364   0.0284893    0.0844091
2.472   0.0276842    0.0896997
2.58   0.0264135    0.0953591
2.688   0.0269306    0.101857
2.795   0.0265655    0.106786
2.903   0.0261212    0.111619
3.011   0.0256405    0.116541
3.119   0.024582    0.121838
3.227   0.0241523    0.126448
3.334   0.0236469    0.131117
3.442   0.0232075    0.135688
3.55   0.0228242    0.140025
3.658   0.0221481    0.144553
3.766   0.0216634    0.148899
3.873   0.0210196    0.153194
3.981   0.0198613    0.154239
4.089   0.0193687    0.158226
4.197   0.0184894    0.162406
4.305   0.017639    0.166426
4.412   0.0165145    0.170619
4.52   0.0155492    0.174531
4.628   0.01442    0.178578
4.736   0.0133728    0.18251
4.844   0.0123642    0.186372
4.952   0.0112362    0.190322
5.059   0.010461    0.193886
5.167   0.00976011    0.197343
5.275   0.00920417    0.202999
5.383   0.00838586    0.206497
5.491   0.00750633    0.210026
5.598   0.00665744    0.213493
5.706   0.0059249    0.216818
5.814   0.00511649    0.220193
5.922   0.00458754    0.223263
6.03   0.00394615    0.226419
6.138   0.00342087    0.229432
6.245   0.00331544    0.22999
6.353   0.00259191    0.235159
6.461   0.00220394    0.237959
6.569   0.00213995    0.238441
6.677   0.00166806    0.243249
6.784   0.00150707    0.243812
6.892   0.0012252    0.246431
7   0.000986678    0.248984
