0.1   0    0
0.2078   0    0
0.3156   0    0
0.4234   0.000183821    0
0.5312   0.00271819    0
0.6391   0.00839977    0
0.7469   0.0167585    0.000503878
0.8547   0.0221846    0.00323771
0.9625   0.0255459    0.00749068
1.07   0.0258834    0.0140626
1.178   0.0255139    0.0208101
1.286   0.0245927    0.027701
1.394   0.0233508    0.0336642
1.502   0.0225968    0.0399171
1.609   0.0217662    0.046092
1.717   0.0218648    0.0512686
1.825   0.0216107    0.0568473
1.933   0.0207916    0.0626549
2.041   0.0198044    0.0684449
2.148   0.0196221    0.0737672
2.256   0.0188898    0.079197
2.364   0.0182997    0.0844091
2.472   0.0178612    0.0896997
2.58   0.0173546    0.0966383
2.688   0.0163735    0.100087
2.795   0.0164592    0.106786
2.903   0.0163579    0.111619
3.011   0.0160989    0.116541
3.119   0.0153657    0.121838
3.227   0.0154801    0.126448
3.334   0.0150672    0.131117
3.442   0.0147915    0.135688
3.55   0.0146136    0.140025
3.658   0.0143015    0.144553
3.766   0.0142759    0.145491
3.873   0.0137806    0.153194
3.981   0.0132572    0.154239
4.089   0.0126829    0.161971
4.197   0.0124066    0.162406
4.305   0.0121517    0.166426
4.412   0.0114781    0.170619
4.52   0.0110904    0.174531
4.628   0.0105116    0.178578
4.736   0.00995728    0.18251
4.844   0.00935201    0.186372
4.952   0.00942948    0.192276
5.059   0.00823845    0.193886
5.167   0.00850791    0.199333
5.275   0.00734037    0.200949
5.383   0.00687971    0.204309
5.491   0.00644415    0.210026
5.598   0.00570686    0.213493
5.706   0.00505075    0.216818
5.814   0.00428528    0.220193
5.922   0.00379643    0.223263
6.03   0.00330594    0.224267
6.138   0.00270285    0.229432
6.245   0.00232568    0.232305
6.353   0.00224134    0.232858
6.461   0.00158077    0.237959
6.569   0.00132164    0.240634
6.677   0.00109849    0.243249
6.784   0.000966181    0.243812
6.892   0.00070739    0.246431
7   0.000490698    0.248984
