0.1   0    0
0.2078   0    0
0.3156   0    0
0.4234   0.00129157    0
0.5312   0.00719616    0.000185594
0.6391   0.0178741    0.00241201
0.7469   0.0251069    0.00701295
0.8547   0.027017    0.0148176
0.9625   0.0264495    0.0235667
1.07   0.0254563    0.0313487
1.178   0.0240322    0.0388507
1.286   0.0221122    0.0458447
1.394   0.0222847    0.0513091
1.502   0.0213087    0.057618
1.609   0.0200929    0.0635456
1.717   0.0188253    0.0694447
1.825   0.018024    0.0751867
1.933   0.0168331    0.0807565
2.041   0.015896    0.0860898
2.148   0.0151976    0.0913003
2.256   0.0143959    0.0962774
2.364   0.0133366    0.101703
2.472   0.0129647    0.106322
2.58   0.012443    0.111079
2.688   0.0122834    0.117744
2.795   0.011933    0.122588
2.903   0.011671    0.127152
3.011   0.010956    0.13203
3.119   0.0103743    0.136806
3.227   0.00989545    0.141537
3.334   0.00932294    0.146125
3.442   0.00877002    0.150603
3.55   0.00839924    0.154982
3.658   0.00805615    0.159192
3.766   0.007612    0.163421
3.873   0.00708482    0.167631
3.981   0.00640112    0.168305
4.089   0.00599511    0.17215
4.197   0.00562099    0.175917
4.305   0.00522074    0.179645
4.412   0.00479552    0.183294
4.52   0.00443478    0.186809
4.628   0.00387595    0.190386
4.736   0.00340476    0.193779
4.844   0.00290148    0.197107
4.952   0.00246203    0.200344
5.059   0.00188998    0.206017
5.167   0.00164407    0.206654
5.275   0.00132511    0.209668
5.383   0.00109317    0.214848
5.491   0.000946376    0.217613
5.598   0.000879489    0.220268
5.706   0.000821136    0.222884
5.814   0.000765831    0.225472
5.922   0.000715311    0.22803
6.03   0.000666606    0.230559
6.138   0.000621236    0.23306
6.245   0.000593582    0.233562
6.353   0.00053878    0.237982
6.461   0.000501038    0.240403
6.569   0.00046642    0.242799
6.677   0.000456534    0.243244
6.784   0.000428163    0.245604
6.892   0.000401776    0.247941
7   0.000377096    0.250256
