0.1   0    0
0.2078   0    0
0.3156   0    0
0.4234   0.0015673    0
0.5312   0.00805582    0.00158299
0.6391   0.0187327    0.00637037
0.7469   0.0229985    0.0142944
0.8547   0.0252571    0.0223657
0.9625   0.0256028    0.02978
1.07   0.0251374    0.0368984
1.178   0.0241308    0.0435163
1.286   0.0231186    0.0498553
1.394   0.0243921    0.05474
1.502   0.0233661    0.0607056
1.609   0.0225643    0.0662942
1.717   0.0214511    0.0721846
1.825   0.0205623    0.0775568
1.933   0.0199097    0.0828503
2.041   0.0186516    0.0884061
2.148   0.0181346    0.093415
2.256   0.0172263    0.0985443
2.364   0.0166119    0.103443
2.472   0.0162963    0.108271
2.58   0.0160137    0.113142
2.688   0.0149221    0.120377
2.795   0.0144329    0.125347
2.903   0.0137314    0.130257
3.011   0.0131413    0.135026
3.119   0.012525    0.139703
3.227   0.011986    0.144221
3.334   0.0113686    0.148784
3.442   0.0108753    0.153104
3.55   0.0103864    0.157342
3.658   0.00966963    0.16158
3.766   0.00898246    0.165663
3.873   0.00834995    0.166076
3.981   0.0076847    0.173497
4.089   0.00686159    0.173596
4.197   0.00621678    0.177172
4.305   0.00557699    0.180712
4.412   0.00497516    0.184188
4.52   0.00449989    0.18751
4.628   0.00411344    0.190718
4.736   0.00382167    0.193804
4.844   0.00363077    0.196761
4.952   0.00347304    0.199658
5.059   0.00332149    0.20252
5.167   0.00290899    0.207946
5.275   0.00303919    0.208137
5.383   0.00263901    0.213462
5.491   0.0025122    0.216173
5.598   0.00239129    0.21885
5.706   0.00227628    0.221496
5.814   0.00216687    0.224115
5.922   0.00206416    0.226704
6.03   0.00196832    0.229264
6.138   0.00187896    0.231796
6.245   0.00179558    0.2343
6.353   0.00171728    0.236776
6.461   0.00170364    0.237222
6.569   0.00157671    0.24165
6.677   0.00155833    0.242082
6.784   0.00149184    0.244475
6.892   0.00142889    0.246845
7   0.00136902    0.249192
