0.1   0    0
0.2078   0    0
0.3156   0    0
0.4234   0.00342597    0
0.5312   0.0178747    0
0.6391   0.0344548    0.00136425
0.7469   0.0448991    0.00495524
0.8547   0.0488687    0.0117872
0.9625   0.0493373    0.0195001
1.07   0.0481667    0.0271192
1.178   0.0458356    0.0345197
1.286   0.0440391    0.0416088
1.394   0.0445277    0.0467906
1.502   0.0426735    0.0531372
1.609   0.0410664    0.0591998
1.717   0.0392492    0.0650618
1.825   0.0378759    0.0706929
1.933   0.0360449    0.0764126
2.041   0.0348409    0.0817091
2.148   0.0331489    0.0872609
2.256   0.0318912    0.0924243
2.364   0.031144    0.0973382
2.472   0.0300375    0.102692
2.58   0.0292979    0.107347
2.688   0.0280118    0.114323
2.795   0.0271575    0.119099
2.903   0.0264345    0.123757
3.011   0.0255513    0.128508
3.119   0.024726    0.133081
3.227   0.0237289    0.137838
3.334   0.0226341    0.142549
3.442   0.0215297    0.147245
3.55   0.0203825    0.151751
3.658   0.0192201    0.156129
3.766   0.0181754    0.160423
3.873   0.0169705    0.161198
3.981   0.015981    0.168647
4.089   0.014366    0.169481
4.197   0.0133112    0.173328
4.305   0.0122277    0.177175
4.412   0.0114023    0.180738
4.52   0.0103965    0.184454
4.628   0.00934291    0.188197
4.736   0.00858257    0.191627
4.844   0.00780368    0.19506
4.952   0.00700194    0.198496
5.059   0.00634213    0.20177
5.167   0.00532782    0.207671
5.275   0.00484074    0.210702
5.383   0.00439767    0.213669
5.491   0.00410617    0.214232
5.598   0.00353733    0.219516
5.706   0.00326322    0.222251
5.814   0.00301369    0.224941
5.922   0.00284182    0.227534
6.03   0.00269459    0.230083
6.138   0.00255695    0.232603
6.245   0.0024274    0.235093
6.353   0.0023534    0.235575
6.461   0.00218764    0.239992
6.569   0.0021308    0.240447
6.677   0.00202821    0.242846
6.784   0.00187333    0.247148
6.892   0.00183979    0.247575
7   0.00175431    0.249904
