0.1   0    0
0.2078   0    0
0.3156   0    0
0.4234   0.00160921    0
0.5312   0.00839399    0.00144261
0.6391   0.0194849    0.0058718
0.7469   0.0240808    0.0135098
0.8547   0.0263242    0.0217169
0.9625   0.0269628    0.0288456
1.07   0.0261635    0.0362775
1.178   0.0254718    0.0425569
1.286   0.0242434    0.0490856
1.394   0.0254075    0.0540645
1.502   0.0244854    0.0599262
1.609   0.023509    0.0656967
1.717   0.0222808    0.0716737
1.825   0.0215181    0.0769471
1.933   0.0209267    0.0821048
2.041   0.0196913    0.0876634
2.148   0.0190983    0.0927294
2.256   0.0183104    0.0977134
2.364   0.0173322    0.102984
2.472   0.0171165    0.107711
2.58   0.0169462    0.112471
2.688   0.0159446    0.11959
2.795   0.0153302    0.124684
2.903   0.0146528    0.129539
3.011   0.013924    0.134435
3.119   0.0133052    0.139142
3.227   0.0127464    0.143603
3.334   0.0122195    0.148093
3.442   0.0114795    0.152632
3.55   0.0110003    0.156883
3.658   0.0103534    0.161042
3.766   0.00957586    0.165192
3.873   0.00881503    0.169293
3.981   0.00812665    0.169481
4.089   0.00732771    0.173236
4.197   0.00664735    0.176841
4.305   0.0059233    0.18046
4.412   0.00539199    0.183861
4.52   0.00476982    0.187325
4.628   0.00434691    0.190565
4.736   0.00401395    0.193689
4.844   0.00375482    0.196711
4.952   0.00359156    0.199611
5.059   0.00343502    0.202474
5.167   0.00300989    0.207907
5.275   0.00314289    0.208096
5.383   0.00273135    0.213427
5.491   0.0026011    0.216139
5.598   0.00247647    0.218818
5.706   0.00235768    0.221466
5.814   0.00224473    0.224085
5.922   0.0021379    0.226676
6.03   0.00203882    0.229237
6.138   0.00194598    0.23177
6.245   0.00185958    0.234275
6.353   0.00184576    0.234731
6.461   0.0017029    0.239202
6.569   0.00168566    0.239644
6.677   0.0015664    0.244029
6.784   0.00154452    0.244456
6.892   0.0014793    0.246826
7   0.0014175    0.249174
