0.1   0    0
0.2078   0    0
0.3156   0    0
0.4234   0.00283233    0
0.5312   0.0152543    0
0.6391   0.0320828    0.000317064
0.7469   0.0429498    0.00291374
0.8547   0.0491525    0.00736694
0.9625   0.0500056    0.0147471
1.07   0.0493774    0.0219203
1.178   0.0475978    0.0289784
1.286   0.0460143    0.0359098
1.394   0.0454592    0.0421484
1.502   0.044587    0.0476414
1.609   0.0433337    0.0535308
1.717   0.041582    0.0594469
1.825   0.0399865    0.0654774
1.933   0.0386058    0.0708464
2.041   0.0373166    0.0763667
2.148   0.0359433    0.0817199
2.256   0.0340847    0.0875567
2.364   0.0335421    0.0924536
2.472   0.0326347    0.0976021
2.58   0.0317099    0.104179
2.688   0.0304039    0.107691
2.795   0.029631    0.114587
2.903   0.0289126    0.119283
3.011   0.0280917    0.124088
3.119   0.027379    0.128663
3.227   0.0264203    0.133401
3.334   0.0257051    0.137842
3.442   0.02469    0.142537
3.55   0.0235129    0.143896
3.658   0.022167    0.151726
3.766   0.0211739    0.156077
3.873   0.0196924    0.1607
3.981   0.0185944    0.161154
4.089   0.0174158    0.168915
4.197   0.0161302    0.169338
4.305   0.0147112    0.173564
4.412   0.0136283    0.177428
4.52   0.0126527    0.181164
4.628   0.0115634    0.184995
4.736   0.010816    0.188462
4.844   0.00987152    0.194481
4.952   0.00881268    0.198191
5.059   0.00825325    0.199052
5.167   0.00753021    0.202402
5.275   0.00687722    0.205656
5.383   0.00610569    0.209003
5.491   0.00503949    0.214862
5.598   0.00446292    0.217946
5.706   0.00407323    0.220823
5.814   0.0036291    0.223735
5.922   0.00322934    0.226581
6.03   0.0029089    0.229325
6.138   0.00267084    0.229996
6.245   0.00245165    0.232607
6.353   0.00224015    0.237131
6.461   0.00212625    0.23958
6.569   0.00201881    0.242004
6.677   0.00191921    0.244404
6.784   0.00188283    0.244849
6.892   0.00179664    0.247213
7   0.00171429    0.249555
