0.1   0    0
0.2078   0    0
0.3156   0    0
0.4234   0.00136703    0
0.5312   0.00755857    0
0.6391   0.0189691    0.00136425
0.7469   0.0268596    0.00495524
0.8547   0.0295735    0.0117872
0.9625   0.0299491    0.0195001
1.07   0.0290861    0.0271192
1.178   0.0276557    0.0345197
1.286   0.025627    0.0416088
1.394   0.0260082    0.0467906
1.502   0.0250343    0.0531372
1.609   0.023833    0.0591998
1.717   0.0226274    0.0650618
1.825   0.0220832    0.0706929
1.933   0.0207224    0.0764126
2.041   0.0199733    0.0817091
2.148   0.0188643    0.0872609
2.256   0.0179015    0.0924243
2.364   0.0174734    0.0973382
2.472   0.016322    0.102692
2.58   0.0159712    0.107347
2.688   0.0157702    0.114323
2.795   0.0152809    0.119099
2.903   0.0149335    0.123757
3.011   0.014471    0.128508
3.119   0.0142    0.133081
3.227   0.0135505    0.137838
3.334   0.0128628    0.142549
3.442   0.0122425    0.147245
3.55   0.0116633    0.151751
3.658   0.011169    0.156129
3.766   0.0105212    0.157065
3.873   0.0102087    0.164566
3.981   0.00970699    0.168647
4.089   0.00866075    0.169481
4.197   0.00815977    0.173328
4.305   0.00762653    0.177175
4.412   0.00725826    0.180738
4.52   0.0066074    0.184454
4.628   0.00582608    0.188197
4.736   0.00525684    0.191627
4.844   0.00465768    0.19506
4.952   0.00402119    0.198496
5.059   0.00314524    0.204489
5.167   0.00292422    0.205095
5.275   0.0023308    0.210702
5.383   0.00209025    0.211295
5.491   0.00167092    0.21664
5.598   0.00138665    0.219516
5.706   0.00121705    0.222251
5.814   0.00106562    0.224941
5.922   0.000985465    0.227534
6.03   0.00092438    0.230083
6.138   0.000868165    0.232603
6.245   0.000842916    0.2331
6.353   0.000766892    0.237556
6.461   0.000748742    0.238023
6.569   0.000682005    0.242402
6.677   0.000666554    0.242846
6.784   0.000611258    0.247148
6.892   0.000591372    0.247575
7   0.000557633    0.249904
