0.1   0    0
0.2078   0    0
0.3156   0    0
0.4234   0.00114503    0
0.5312   0.0063985    0
0.6391   0.0175743    0
0.7469   0.0277584    0.000244582
0.8547   0.0350759    0.00189314
0.9625   0.0396633    0.00510494
1.07   0.041458    0.0100515
1.178   0.0404875    0.0169766
1.286   0.0395562    0.0233641
1.394   0.0389928    0.0292932
1.502   0.0381623    0.0357923
1.609   0.0370211    0.0420117
1.717   0.0359184    0.0480753
1.825   0.0358525    0.0531632
1.933   0.0350279    0.0586563
2.041   0.0341094    0.0644652
2.148   0.0330227    0.0700452
2.256   0.0322151    0.0753846
2.364   0.0316018    0.0806238
2.472   0.0307534    0.0860238
2.58   0.0299853    0.0911974
2.688   0.0300502    0.0982332
2.795   0.0295534    0.10332
2.903   0.0291006    0.108188
3.011   0.0286637    0.113098
3.119   0.0282793    0.11774
3.227   0.0274792    0.122745
3.334   0.0267022    0.127753
3.442   0.0262671    0.132286
3.55   0.0257157    0.136784
3.658   0.0251485    0.141276
3.766   0.0250914    0.141652
3.873   0.0240806    0.149921
3.981   0.0234184    0.154154
4.089   0.0222703    0.155083
4.197   0.0213652    0.159255
4.305   0.0205096    0.163282
4.412   0.0197474    0.167103
4.52   0.0185009    0.171305
4.628   0.0174921    0.175239
4.736   0.0164866    0.179136
4.844   0.0159713    0.184973
4.952   0.0144069    0.186907
5.059   0.0134531    0.190656
5.167   0.0124451    0.194428
5.275   0.011411    0.19819
5.383   0.0111492    0.203538
5.491   0.010296    0.20705
5.598   0.00955422    0.21042
5.706   0.00855341    0.214021
5.814   0.00787292    0.217275
5.922   0.00709205    0.218555
6.03   0.00628262    0.223932
6.138   0.00550736    0.2272
6.245   0.0049093    0.230266
6.353   0.00430266    0.233314
6.461   0.00372293    0.23631
6.569   0.00352897    0.236922
6.677   0.0028658    0.24193
6.784   0.00274068    0.242459
6.892   0.00244822    0.245093
7   0.00204152    0.24782
