0.1   0    0
0.2078   0    0
0.3156   0    0
0.4234   0.00134926    0
0.5312   0.00749839    0
0.6391   0.0195394    0.000317064
0.7469   0.0281308    0.00291374
0.8547   0.0330616    0.00736694
0.9625   0.0335621    0.0147471
1.07   0.0332099    0.0219203
1.178   0.0319313    0.0289784
1.286   0.0303403    0.0359098
1.394   0.0294048    0.0421484
1.502   0.0294708    0.0476414
1.609   0.0285438    0.0535308
1.717   0.0273509    0.0594469
1.825   0.0262748    0.0654774
1.933   0.0253805    0.0708464
2.041   0.0245222    0.0763667
2.148   0.0236099    0.0817199
2.256   0.0221316    0.0875567
2.364   0.0216643    0.0924536
2.472   0.0208835    0.0976021
2.58   0.0203027    0.102468
2.688   0.0202549    0.109433
2.795   0.0195628    0.114587
2.903   0.0191229    0.119283
3.011   0.0186829    0.124088
3.119   0.018424    0.128663
3.227   0.017827    0.133401
3.334   0.0173893    0.137842
3.442   0.0168067    0.142537
3.55   0.0161462    0.147211
3.658   0.0153746    0.151726
3.766   0.0148747    0.156077
3.873   0.0139794    0.1607
3.981   0.0134625    0.161154
4.089   0.012652    0.165321
4.197   0.0120408    0.169338
4.305   0.0110366    0.173564
4.412   0.0102785    0.177428
4.52   0.00954907    0.181164
4.628   0.00861938    0.184995
4.736   0.00802318    0.188462
4.844   0.00725427    0.19207
4.952   0.00651823    0.195615
5.059   0.00585596    0.199052
5.167   0.00524653    0.202402
5.275   0.00414283    0.208551
5.383   0.00357699    0.211779
5.491   0.00312707    0.214862
5.598   0.0026434    0.217946
5.706   0.00234088    0.220823
5.814   0.00197862    0.223735
5.922   0.00165597    0.226581
6.03   0.00140933    0.229325
6.138   0.00122209    0.231986
6.245   0.00105826    0.234599
6.353   0.000952115    0.237131
6.461   0.000902871    0.23958
6.569   0.000864404    0.240047
6.677   0.000817869    0.242461
6.784   0.000775008    0.244849
6.892   0.000733937    0.247213
7   0.000695171    0.249555
