0.1   0    0
0.2078   0    0
0.3156   0    0
0.4234   0    0
0.5312   0.00163107    0
0.6391   0.00456825    0.00136425
0.7469   0.00879193    0.00495524
0.8547   0.0103593    0.0117872
0.9625   0.0102727    0.0195001
1.07   0.00976002    0.0271192
1.178   0.00892839    0.0345197
1.286   0.00792634    0.0416088
1.394   0.00727607    0.0467906
1.502   0.0066543    0.0531372
1.609   0.00581623    0.0591998
1.717   0.00520048    0.0650618
1.825   0.00456943    0.0706929
1.933   0.00432427    0.0764126
2.041   0.00375206    0.0817091
2.148   0.00301476    0.0872609
2.256   0.00244777    0.0924243
2.364   0.0025844    0.0973382
2.472   0.00172706    0.102692
2.58   0.00154426    0.107347
2.688   0.00114301    0.114323
2.795   0.000847238    0.119099
2.903   0.000693431    0.123757
3.011   0.000329987    0.128508
3.119   0.000183927    0.133081
3.227   0    0.137838
3.334   0    0.142549
3.442   0    0.147245
3.55   0    0.151751
3.658   0    0.156129
3.766   0    0.160423
3.873   0    0.161198
3.981   0    0.168647
4.089   0    0.169481
4.197   0    0.173328
4.305   0    0.177175
4.412   0    0.180738
4.52   0    0.184454
4.628   0    0.188197
4.736   0    0.191627
4.844   0    0.19506
4.952   0    0.201274
5.059   0    0.20177
5.167   0    0.205095
5.275   0    0.210702
5.383   0    0.213669
5.491   0    0.214232
5.598   0    0.219516
5.706   0    0.222251
5.814   0    0.224941
5.922   0    0.227534
6.03   0    0.230083
6.138   0    0.230598
6.245   0    0.2331
6.353   0    0.237556
6.461   0    0.239992
6.569   0    0.240447
6.677   0    0.244787
6.784   0    0.247148
6.892   0    0.247575
7   0    0.249904
