0.1   0    0
0.2078   0    0
0.3156   0    0
0.4234   0.00177216    0
0.5312   0.0108884    0
0.6391   0.0270373    0
0.7469   0.0390538    0.000503878
0.8547   0.0467942    0.00323771
0.9625   0.0503976    0.00749068
1.07   0.0507064    0.0140626
1.178   0.0494195    0.0208101
1.286   0.0481516    0.027701
1.394   0.0482322    0.0336642
1.502   0.0467148    0.0399171
1.609   0.0455772    0.046092
1.717   0.0449084    0.0512686
1.825   0.0438969    0.0568473
1.933   0.0423597    0.0626549
2.041   0.0408562    0.0684449
2.148   0.0397408    0.0737672
2.256   0.0386127    0.079197
2.364   0.0376925    0.0844091
2.472   0.0368214    0.0896997
2.58   0.035472    0.0953591
2.688   0.0351346    0.101857
2.795   0.0343419    0.106786
2.903   0.0336433    0.111619
3.011   0.0328687    0.116541
3.119   0.0316053    0.121838
3.227   0.0307805    0.126448
3.334   0.0299986    0.131117
3.442   0.0291505    0.135688
3.55   0.0284884    0.140025
3.658   0.0273519    0.144553
3.766   0.0264204    0.148899
3.873   0.0248902    0.150121
3.981   0.0241035    0.157575
4.089   0.0227263    0.158226
4.197   0.0214587    0.162406
4.305   0.0203242    0.166426
4.412   0.0189903    0.170619
4.52   0.0179131    0.174531
4.628   0.0166742    0.178578
4.736   0.0155234    0.18251
4.844   0.014417    0.186372
4.952   0.0131957    0.190322
5.059   0.0123308    0.193886
5.167   0.0118708    0.199333
5.275   0.0108282    0.202999
5.383   0.00993088    0.206497
5.491   0.00919684    0.207531
5.598   0.00805557    0.213493
5.706   0.00725202    0.216818
5.814   0.0063746    0.220193
5.922   0.00577997    0.223263
6.03   0.00507591    0.226419
6.138   0.00449311    0.229432
6.245   0.00402913    0.232305
6.353   0.00356256    0.235159
6.461   0.00355907    0.235598
6.569   0.00307531    0.238441
6.677   0.00267329    0.24118
6.784   0.00235988    0.243812
6.892   0.00191097    0.248446
7   0.0017668    0.248984
