0.1   0    0
0.2078   0    0
0.3156   0    0
0.4234   0.000183821    0
0.5312   0.00288623    0
0.6391   0.00905494    0
0.7469   0.0172536    0.000244582
0.8547   0.0238573    0.00189314
0.9625   0.0282811    0.00510494
1.07   0.0301686    0.0100515
1.178   0.0296113    0.0169766
1.286   0.0291846    0.0233641
1.394   0.0279349    0.0292932
1.502   0.0270795    0.0357923
1.609   0.026179    0.0420117
1.717   0.025643    0.0480753
1.825   0.0256466    0.0531632
1.933   0.0250679    0.0586563
2.041   0.0242688    0.0644652
2.148   0.0237857    0.0700452
2.256   0.0231175    0.0753846
2.364   0.0226872    0.0806238
2.472   0.0219218    0.0860238
2.58   0.0212978    0.0911974
2.688   0.0208489    0.0982332
2.795   0.0205632    0.10332
2.903   0.0204738    0.108188
3.011   0.0202497    0.113098
3.119   0.0201783    0.11774
3.227   0.019703    0.122745
3.334   0.0190908    0.127753
3.442   0.0187062    0.132286
3.55   0.0184612    0.136784
3.658   0.0182729    0.141276
3.766   0.0180548    0.145536
3.873   0.0176629    0.149921
3.981   0.0173959    0.150583
4.089   0.0165949    0.155083
4.197   0.0162107    0.159255
4.305   0.0157651    0.163282
4.412   0.0154958    0.167103
4.52   0.0147813    0.171305
4.628   0.0142553    0.175239
4.736   0.0136886    0.179136
4.844   0.0131249    0.182972
4.952   0.0124047    0.186907
5.059   0.0122584    0.192804
5.167   0.0111042    0.194428
5.275   0.0102533    0.19819
5.383   0.0102111    0.203538
5.491   0.00945292    0.20705
5.598   0.00875295    0.21042
5.706   0.00779111    0.214021
5.814   0.00714711    0.217275
5.922   0.00635681    0.220647
6.03   0.00562407    0.223932
6.138   0.00487998    0.2272
6.245   0.00431008    0.230266
6.353   0.00383394    0.231206
6.461   0.0033554    0.234143
6.569   0.00270136    0.239201
6.677   0.00236448    0.24193
6.784   0.00226438    0.242459
6.892   0.00199113    0.245093
7   0.00160242    0.24782
